Max Contig Length = 10405.0
Number of contigs = 1218
Mean contig length = 914.1765188834154
Total genome length = 1113467.0
N50 = 1818.0
Coverage = 81.03481839668788
# Contig Length 	 Number of Contigs in this Category
100.0 	 184
200.0 	 213
300.0 	 112
400.0 	 98
500.0 	 59
600.0 	 50
700.0 	 39
800.0 	 39
900.0 	 37
1000.0 	 24
1100.0 	 27
1200.0 	 33
1300.0 	 26
1400.0 	 25
1500.0 	 22
1600.0 	 17
1700.0 	 15
1800.0 	 22
1900.0 	 13
2000.0 	 14
2100.0 	 16
2200.0 	 12
2300.0 	 8
2400.0 	 7
2500.0 	 9
2600.0 	 9
2700.0 	 5
2800.0 	 8
2900.0 	 9
3000.0 	 5
3100.0 	 2
3200.0 	 5
3300.0 	 6
3400.0 	 5
3500.0 	 3
3600.0 	 3
3700.0 	 2
3800.0 	 1
3900.0 	 1
4000.0 	 3
4100.0 	 1
4200.0 	 3
4300.0 	 1
4400.0 	 3
4500.0 	 3
4600.0 	 2
4700.0 	 1
4800.0 	 1
4900.0 	 1
5000.0 	 1
5200.0 	 2
5300.0 	 1
5400.0 	 1
5500.0 	 1
6000.0 	 1
6200.0 	 1
6300.0 	 1
7300.0 	 1
7600.0 	 1
8000.0 	 1
8700.0 	 1
10400.0 	 1
