Max Contig Length = 7443.0
Number of contigs = 5355
Mean contig length = 327.17105508870213
Total genome length = 1752001.0
N50 = 818.0
Coverage = 52.64769537401108
# Contig Length 	 Number of Contigs in this Category
100.0 	 3209
200.0 	 656
300.0 	 320
400.0 	 231
500.0 	 153
600.0 	 98
700.0 	 98
800.0 	 100
900.0 	 71
1000.0 	 52
1100.0 	 39
1200.0 	 34
1300.0 	 35
1400.0 	 27
1500.0 	 25
1600.0 	 28
1700.0 	 18
1800.0 	 12
1900.0 	 15
2000.0 	 17
2100.0 	 9
2200.0 	 11
2300.0 	 9
2400.0 	 8
2500.0 	 9
2600.0 	 8
2700.0 	 5
2800.0 	 1
2900.0 	 5
3000.0 	 1
3100.0 	 5
3200.0 	 4
3300.0 	 4
3400.0 	 8
3500.0 	 3
3600.0 	 4
3800.0 	 1
3900.0 	 4
4000.0 	 3
4100.0 	 1
4200.0 	 2
4300.0 	 1
4400.0 	 1
4500.0 	 1
4700.0 	 1
4800.0 	 1
5300.0 	 1
5600.0 	 2
6600.0 	 1
6700.0 	 1
7200.0 	 1
7400.0 	 1
