Max Contig Length = 4059.0
Number of contigs = 12073
Mean contig length = 182.4593721527375
Total genome length = 2202832.0
N50 = 295.0
Coverage = 51.171972289854985
# Contig Length 	 Number of Contigs in this Category
100.0 	 9134
200.0 	 1044
300.0 	 542
400.0 	 348
500.0 	 244
600.0 	 178
700.0 	 134
800.0 	 104
900.0 	 65
1000.0 	 44
1100.0 	 44
1200.0 	 35
1300.0 	 31
1400.0 	 20
1500.0 	 20
1600.0 	 13
1700.0 	 15
1800.0 	 12
1900.0 	 6
2000.0 	 6
2100.0 	 5
2200.0 	 6
2300.0 	 5
2400.0 	 2
2500.0 	 3
2600.0 	 2
2800.0 	 3
2900.0 	 3
3000.0 	 1
3200.0 	 1
3700.0 	 1
3800.0 	 1
4100.0 	 1
