Max Contig Length = 10467.0
Number of contigs = 1342
Mean contig length = 892.7853949329359
Total genome length = 1198118.0
N50 = 1796.0
Coverage = 75.35848495131343
# Contig Length 	 Number of Contigs in this Category
100.0 	 213
200.0 	 242
300.0 	 119
400.0 	 107
500.0 	 59
600.0 	 56
700.0 	 41
800.0 	 45
900.0 	 40
1000.0 	 27
1100.0 	 30
1200.0 	 38
1300.0 	 30
1400.0 	 27
1500.0 	 24
1600.0 	 20
1700.0 	 16
1800.0 	 18
1900.0 	 20
2000.0 	 13
2100.0 	 17
2200.0 	 13
2300.0 	 8
2400.0 	 7
2500.0 	 10
2600.0 	 10
2700.0 	 6
2800.0 	 7
2900.0 	 11
3000.0 	 5
3100.0 	 6
3200.0 	 5
3300.0 	 4
3400.0 	 5
3500.0 	 2
3600.0 	 3
3700.0 	 2
3800.0 	 1
3900.0 	 3
4000.0 	 2
4100.0 	 1
4200.0 	 2
4300.0 	 2
4400.0 	 2
4500.0 	 2
4600.0 	 3
4700.0 	 1
4800.0 	 1
4900.0 	 1
5000.0 	 1
5200.0 	 2
5300.0 	 1
5400.0 	 1
5500.0 	 1
6000.0 	 1
6200.0 	 1
6300.0 	 2
7300.0 	 1
7600.0 	 1
8000.0 	 1
8700.0 	 1
10500.0 	 1
