Max Contig Length = 7268.0
Number of contigs = 420
Mean contig length = 935.0595238095239
Total genome length = 392725.0
N50 = 1926.0
Coverage = 174.3190949102709
# Contig Length 	 Number of Contigs in this Category
100.0 	 70
200.0 	 64
300.0 	 37
400.0 	 37
500.0 	 23
600.0 	 16
700.0 	 21
800.0 	 13
900.0 	 15
1000.0 	 3
1100.0 	 5
1200.0 	 14
1300.0 	 6
1400.0 	 9
1500.0 	 4
1600.0 	 8
1700.0 	 5
1800.0 	 7
1900.0 	 3
2000.0 	 6
2100.0 	 8
2200.0 	 1
2300.0 	 2
2400.0 	 2
2500.0 	 3
2600.0 	 4
2800.0 	 3
2900.0 	 4
3000.0 	 1
3100.0 	 1
3200.0 	 2
3300.0 	 3
3400.0 	 2
3700.0 	 2
4000.0 	 1
4200.0 	 3
4300.0 	 1
4400.0 	 1
4500.0 	 1
4600.0 	 1
4900.0 	 1
5200.0 	 2
5500.0 	 1
6200.0 	 1
6300.0 	 2
7300.0 	 1
