Max Contig Length = 5172.0
Number of contigs = 3126
Mean contig length = 506.55694177863086
Total genome length = 1583497.0
N50 = 998.0
Coverage = 40.94303222317778
# Contig Length 	 Number of Contigs in this Category
100.0 	 969
200.0 	 570
300.0 	 305
400.0 	 217
500.0 	 167
600.0 	 148
700.0 	 100
800.0 	 87
900.0 	 70
1000.0 	 66
1100.0 	 60
1200.0 	 55
1300.0 	 40
1400.0 	 31
1500.0 	 37
1600.0 	 23
1700.0 	 20
1800.0 	 14
1900.0 	 24
2000.0 	 16
2100.0 	 16
2200.0 	 11
2300.0 	 11
2400.0 	 7
2500.0 	 9
2600.0 	 6
2700.0 	 7
2800.0 	 2
2900.0 	 4
3000.0 	 5
3100.0 	 2
3200.0 	 3
3300.0 	 3
3400.0 	 2
3500.0 	 2
3700.0 	 2
3800.0 	 2
4000.0 	 3
4300.0 	 1
4400.0 	 3
4600.0 	 1
4700.0 	 1
4800.0 	 1
4900.0 	 2
5200.0 	 1
