Max Contig Length = 10467.0
Number of contigs = 627
Mean contig length = 1641.078149920255
Total genome length = 1028956.0
N50 = 2022.0
Coverage = 51.857726052401595
# Contig Length 	 Number of Contigs in this Category
500.0 	 26
600.0 	 59
700.0 	 41
800.0 	 44
900.0 	 38
1000.0 	 31
1100.0 	 30
1200.0 	 36
1300.0 	 30
1400.0 	 24
1500.0 	 26
1600.0 	 18
1700.0 	 17
1800.0 	 21
1900.0 	 19
2000.0 	 12
2100.0 	 17
2200.0 	 13
2300.0 	 7
2400.0 	 8
2500.0 	 9
2600.0 	 9
2700.0 	 6
2800.0 	 6
2900.0 	 12
3000.0 	 4
3100.0 	 5
3200.0 	 4
3300.0 	 6
3400.0 	 5
3500.0 	 2
3600.0 	 3
3700.0 	 3
3900.0 	 3
4000.0 	 2
4100.0 	 1
4200.0 	 2
4300.0 	 2
4400.0 	 3
4500.0 	 2
4600.0 	 2
4700.0 	 1
4800.0 	 2
4900.0 	 1
5000.0 	 1
5200.0 	 2
5300.0 	 1
5400.0 	 1
5500.0 	 1
6000.0 	 1
6200.0 	 1
6300.0 	 2
7300.0 	 1
7600.0 	 1
8000.0 	 1
8700.0 	 1
10500.0 	 1
