Max Contig Length = 46012.0
Number of contigs = 366
Mean contig length = 2362.155737704918
Total genome length = 864549.0
N50 = 6818.0
Coverage = 443.98995030805094
# Contig Length 	 Number of Contigs in this Category
200.0 	 40
300.0 	 63
400.0 	 32
500.0 	 17
600.0 	 15
700.0 	 20
800.0 	 11
900.0 	 10
1000.0 	 7
1100.0 	 6
1200.0 	 10
1300.0 	 5
1400.0 	 3
1500.0 	 5
1600.0 	 5
1800.0 	 3
1900.0 	 3
2000.0 	 4
2100.0 	 3
2200.0 	 4
2300.0 	 4
2500.0 	 3
2600.0 	 1
2700.0 	 4
2800.0 	 3
2900.0 	 2
3000.0 	 4
3100.0 	 2
3300.0 	 3
3400.0 	 2
3500.0 	 4
3600.0 	 3
3700.0 	 2
3900.0 	 2
4000.0 	 2
4100.0 	 1
4200.0 	 1
4300.0 	 2
4400.0 	 2
4500.0 	 1
4600.0 	 2
4800.0 	 1
4900.0 	 2
5000.0 	 3
5200.0 	 4
5400.0 	 2
5700.0 	 1
6200.0 	 1
6300.0 	 1
6600.0 	 1
6800.0 	 1
6900.0 	 4
7000.0 	 1
7300.0 	 1
7800.0 	 2
7900.0 	 2
8400.0 	 1
8600.0 	 1
9100.0 	 1
9300.0 	 1
9400.0 	 1
9900.0 	 1
10700.0 	 1
11000.0 	 2
11500.0 	 1
12200.0 	 1
13800.0 	 1
14200.0 	 1
14300.0 	 1
14400.0 	 1
15200.0 	 1
16900.0 	 1
18400.0 	 1
20200.0 	 1
22500.0 	 1
22700.0 	 1
26000.0 	 1
46000.0 	 1
